INFO: [SIM 2] *************** CSIM start ***************
INFO: [SIM 4] CSIM will launch GCC as the compiler.
   Compiling ../../../../../../../../git/HLS-Linear-Algebra-SVD/code/svd_tb.cpp in debug mode
   Compiling ../../../../../../../../git/HLS-Linear-Algebra-SVD/code/svd.cpp in debug mode
   Generating csim.exe
A = 
   |(1.0000000000)    (1.0000000000)    (1.0000000000)    (1.0000000000)    (1.0000000000)    (1.0000000000) |
   |(1.0000000000)    (1.0000000000)    (1.0000000000)    (1.0000000000)    (1.0000000000)    (1.0000000000) |
   |(1.0000000000)    (1.0000000000)    (1.0000000000)    (1.0000000000)    (1.0000000000)    (1.0000000000) |
   |(1.0000000000)    (1.0000000000)    (1.0000000000)    (1.0000000000)    (1.0000000000)    (1.0000000000) |
   |(1.0000000000)    (1.0000000000)    (1.0000000000)    (1.0000000000)    (1.0000000000)    (1.0000000000) |
   |(1.0000000000)    (1.0000000000)    (1.0000000000)    (1.0000000000)    (1.0000000000)    (1.0000000000) |
S = 
   |(0.0000000000)    (0.0000000000)    (0.0000000000)    (0.0000000000)    (0.0000000000)    (0.0000000000) |
   |(0.0000000000)    (0.0000000000)    (0.0000000000)    (0.0000000000)    (0.0000000000)    (0.0000000000) |
   |(0.0000000000)    (0.0000000000)    (0.0000000000)    (0.0000000000)    (0.0000000000)    (0.0000000000) |
   |(0.0000000000)    (0.0000000000)    (0.0000000000)    (0.0000000000)    (0.0000000000)    (0.0000000000) |
   |(0.0000000000)    (0.0000000000)    (0.0000000000)    (0.0000000000)    (0.0000000000)    (0.0000000000) |
   |(0.0000000000)    (0.0000000000)    (0.0000000000)    (0.0000000000)    (0.0000000000)    (6.0000000000) |
U = 
   | (0.7071067691)     (0.4999999702)     (0.0000000000)     (0.0000000000)    (-0.2886751294)     (0.4082482755) |
   |(-0.7071067691)     (0.4999999702)     (0.0000000000)     (0.0000000000)    (-0.2886751294)     (0.4082482755) |
   | (0.0000000000)     (0.0000000000)     (0.7071067691)     (0.0000000000)     (0.5773502588)     (0.4082483053) |
   | (0.0000000000)     (0.0000000000)    (-0.7071067691)     (0.0000000000)     (0.5773502588)     (0.4082483053) |
   | (0.0000000000)    (-0.4999999702)     (0.0000000000)    (-0.7071067691)    (-0.2886751294)     (0.4082482755) |
   | (0.0000000000)    (-0.4999999702)     (0.0000000000)     (0.7071067691)    (-0.2886751294)     (0.4082482755) |
V = 
   | (0.7071067691)     (0.4999999702)     (0.0000000000)     (0.0000000000)    (-0.2886751294)     (0.4082482755) |
   |(-0.7071067691)     (0.4999999702)     (0.0000000000)     (0.0000000000)    (-0.2886751294)     (0.4082482755) |
   | (0.0000000000)     (0.0000000000)     (0.7071067691)     (0.0000000000)     (0.5773502588)     (0.4082483053) |
   | (0.0000000000)     (0.0000000000)    (-0.7071067691)     (0.0000000000)     (0.5773502588)     (0.4082483053) |
   | (0.0000000000)    (-0.4999999702)     (0.0000000000)    (-0.7071067691)    (-0.2886751294)     (0.4082482755) |
   | (0.0000000000)    (-0.4999999702)     (0.0000000000)     (0.7071067691)    (-0.2886751294)     (0.4082482755) |
A reconstructed = 
   |(0.9999998808)    (0.9999998808)    (1.0000000000)    (1.0000000000)    (0.9999998808)    (0.9999998808) |
   |(0.9999998808)    (0.9999998808)    (1.0000000000)    (1.0000000000)    (0.9999998808)    (0.9999998808) |
   |(1.0000000000)    (1.0000000000)    (1.0000001192)    (1.0000001192)    (1.0000000000)    (1.0000000000) |
   |(1.0000000000)    (1.0000000000)    (1.0000001192)    (1.0000001192)    (1.0000000000)    (1.0000000000) |
   |(0.9999998808)    (0.9999998808)    (1.0000000000)    (1.0000000000)    (0.9999998808)    (0.9999998808) |
   |(0.9999998808)    (0.9999998808)    (1.0000000000)    (1.0000000000)    (0.9999998808)    (0.9999998808) |
I reconstructed (U) = 
   | (0.9999998808)    (-0.0000000149)     (0.0000000149)     (0.0000000149)     (0.0000000149)     (0.0000000149) |
   |(-0.0000000149)     (0.9999998808)     (0.0000000149)     (0.0000000149)     (0.0000000149)     (0.0000000149) |
   | (0.0000000149)     (0.0000000149)     (0.9999999404)     (0.0000000149)     (0.0000000149)     (0.0000000149) |
   | (0.0000000149)     (0.0000000149)     (0.0000000149)     (0.9999999404)     (0.0000000149)     (0.0000000149) |
   | (0.0000000149)     (0.0000000149)     (0.0000000149)     (0.0000000149)     (0.9999998808)    (-0.0000000149) |
   | (0.0000000149)     (0.0000000149)     (0.0000000149)     (0.0000000149)    (-0.0000000149)     (0.9999998808) |
I reconstructed (V) = 
   | (0.9999998808)    (-0.0000000149)     (0.0000000149)     (0.0000000149)     (0.0000000149)     (0.0000000149) |
   |(-0.0000000149)     (0.9999998808)     (0.0000000149)     (0.0000000149)     (0.0000000149)     (0.0000000149) |
   | (0.0000000149)     (0.0000000149)     (0.9999999404)     (0.0000000149)     (0.0000000149)     (0.0000000149) |
   | (0.0000000149)     (0.0000000149)     (0.0000000149)     (0.9999999404)     (0.0000000149)     (0.0000000149) |
   | (0.0000000149)     (0.0000000149)     (0.0000000149)     (0.0000000149)     (0.9999998808)    (-0.0000000149) |
   | (0.0000000149)     (0.0000000149)     (0.0000000149)     (0.0000000149)    (-0.0000000149)     (0.9999998808) |
INFO: [SIM 1] CSim done with 0 errors.
INFO: [SIM 3] *************** CSIM finish ***************
